Абдрахманов	Дамир	Иршатович
NO

Абдрахманов	Дамир	Иршатович

0 27
Абдрахманов	Дамир	Иршатович
OK
Абдрахманов	Дамир	Иршатович
Абдрахманов	Дамир	Иршатович
-64 -64 1
-31 -31 1
-28 -28 1
-16 -16 1
-32 -32 1
-11 -11 1
-20 -20 1
-32 -32 1
-19 -19 1
-18 -18 1
-30 -30 1
9 9 1
-60 -60 1
-32 -32 1
-20 -20 1
-24 -24 1
-16 -16 1
9 9 1
-56 -56 1
-16 -16 1
-8 -8 1
-32 -32 1
-14 -14 1
-18 -18 1
-30 -30 1
-24 -24 1
-9 -9 1

27 27
Абдуллин	Антон	Альбертович
NO
Абдрахманов	Дамир	Иршатович
Абдуллин	Антон	Альбертович
-64 -64 1
-31 -31 1
-28 -28 1
-16 -13 0
-32 -21 0
-11 -21 0
-20 -24 0
-32 -19 0
-19 9 0
-18 -64 0
-30 -19 0
9 -14 0
-60 -18 0
-32 -19 0
-20 9 0
-24 -64 0
-16 -21 0
9 -4 0
-56 -31 0
-16 -27 0
-8 -16 0
-32 -14 0
-14 -18 0
-18 -30 0
-30 -24 0
-24 -9 0
-9 0 0

27 26
Абрамов	Артем	Андреевич
NO
Абдуллин	Антон	Альбертович
Абрамов	Артем	Андреевич
-64 -64 1
-31 -31 1
-28 -16 0
-13 -32 0
-21 -20 0
-21 -18 0
-24 -30 0
-19 9 0
9 -64 0
-64 -16 0
-19 -14 0
-14 -27 0
-18 -20 0
-19 9 0
9 -64 0
-64 -19 0
-21 -28 0
-4 -16 0
-31 -27 0
-27 -27 1
-16 -30 0
-14 -24 0
-18 -9 0
-30 0 0
-24 0 0
-9 0 0

26 23
Абрамов	Леонид	Сергеевич
NO
Абрамов	Артем	Андреевич
Абрамов	Леонид	Сергеевич
-64 -64 1
-31 -31 1
-16 -16 1
-32 -32 1
-20 -20 1
-18 -18 1
-30 -30 1
9 9 1
-64 -53 0
-16 -27 0
-14 -18 0
-27 -19 0
-20 -24 0
9 -28 0
-64 9 0
-19 -47 0
-28 -27 0
-16 -16 1
-27 -29 0
-27 -27 1
-30 -27 0
-24 -30 0
-9 -24 0

23 24
Абубакиров	Ярослав	Юрьевич
NO
Абрамов	Леонид	Сергеевич
Абубакиров	Ярослав	Юрьевич
-64 -64 1
-31 -31 1
-16 -13 0
-32 -31 0
-20 -32 0
-18 -22 0
-30 -24 0
9 -16 0
-53 -18 0
-27 -30 0
-18 9 0
-19 -33 0
-24 -16 0
-28 -18 0
9 -15 0
-47 -21 0
-27 -32 0
-16 -30 0
-29 9 0
-27 -34 0
-27 -16 0
-30 -4 0
-24 -27 0
-9 -30 0

24 26
Аветян	Манук	Гегамович
NO
Абубакиров	Ярослав	Юрьевич
Аветян	Манук	Гегамович
-64 -64 1
-31 -30 0
-13 -27 0
-31 -14 0
-32 -1 0
-22 -19 0
-24 9 0
-16 -52 0
-18 -32 0
-30 -19 0
9 -13 0
-33 -22 0
-16 9 0
-18 -61 0
-15 -27 0
-21 -29 0
-32 -32 1
-30 -20 0
9 -18 0
-34 -30 0
-16 -24 0
-4 -9 0
-27 0 0
-30 0 0
-24 0 0
-9 0 0

26 22
Аветян	Манук	Гегамович
OK
Аветян	Манук	Гегамович
Аветян	Манук	Гегамович
-64 -64 1
-30 -30 1
-27 -27 1
-14 -14 1
-1 -1 1
-19 -19 1
9 9 1
-52 -52 1
-32 -32 1
-19 -19 1
-13 -13 1
-22 -22 1
9 9 1
-61 -61 1
-27 -27 1
-29 -29 1
-32 -32 1
-20 -20 1
-18 -18 1
-30 -30 1
-24 -24 1
-9 -9 1

22 22
Авсиевич	Евгений	Игоревич
NO
Аветян	Манук	Гегамович
Авсиевич	Евгений	Игоревич
-64 -64 1
-30 -30 1
-27 -15 0
-14 -24 0
-1 -27 0
-19 -30 0
9 -24 0
-52 -9 0
-32 9 0
-19 -59 0
-13 -30 0
-22 -29 0
9 -27 0
-61 -19 0
-27 -24 0
-29 -23 0
-32 9 0
-20 -56 0
-18 -29 0
-30 -18 0
-24 -16 0
-9 -27 0

22 25
